540.0,0.0,0.0,162.0,2.5,1040.0,676.0,79.99,28
540.0,0.0,0.0,162.0,2.5,1055.0,676.0,61.89,28
332.5,142.5,0.0,228.0,0.0,932.0,594.0,40.27,270
332.5,142.5,0.0,228.0,0.0,932.0,594.0,41.05,365
198.6,132.4,0.0,192.0,0.0,978.4,825.5,44.30,360
266.0,114.0,0.0,228.0,0.0,932.0,670.0,47.03,90
380.0,95.0,0.0,228.0,0.0,932.0,594.0,43.70,365
380.0,95.0,0.0,228.0,0.0,932.0,594.0,36.45,28
266.0,114.0,0.0,228.0,0.0,932.0,670.0,45.85,28
475.0,0.0,0.0,228.0,0.0,932.0,594.0,39.29,28
198.6,132.4,0.0,192.0,0.0,978.4,825.5,38.07,90
198.6,132.4,0.0,192.0,0.0,978.4,825.5,28.02,28
427.5,47.5,0.0,228.0,0.0,932.0,594.0,43.01,270
190.0,190.0,0.0,228.0,0.0,932.0,670.0,42.33,90
304.0,76.0,0.0,228.0,0.0,932.0,670.0,47.81,28
380.0,0.0,0.0,228.0,0.0,932.0,670.0,52.91,90
139.6,209.4,0.0,192.0,0.0,1047.0,806.9,39.36,90
342.0,38.0,0.0,228.0,0.0,932.0,670.0,56.14,365
380.0,95.0,0.0,228.0,0.0,932.0,594.0,40.56,90
475.0,0.0,0.0,228.0,0.0,932.0,594.0,42.62,180
427.5,47.5,0.0,228.0,0.0,932.0,594.0,41.84,180
139.6,209.4,0.0,192.0,0.0,1047.0,806.9,28.24,28
139.6,209.4,0.0,192.0,0.0,1047.0,806.9,8.06,3
139.6,209.4,0.0,192.0,0.0,1047.0,806.9,44.21,180
380.0,0.0,0.0,228.0,0.0,932.0,670.0,52.52,365
380.0,0.0,0.0,228.0,0.0,932.0,670.0,53.30,270
380.0,95.0,0.0,228.0,0.0,932.0,594.0,41.15,270
342.0,38.0,0.0,228.0,0.0,932.0,670.0,52.12,180
427.5,47.5,0.0,228.0,0.0,932.0,594.0,37.43,28
475.0,0.0,0.0,228.0,0.0,932.0,594.0,38.60,7
304.0,76.0,0.0,228.0,0.0,932.0,670.0,55.26,365
266.0,114.0,0.0,228.0,0.0,932.0,670.0,52.91,365
198.6,132.4,0.0,192.0,0.0,978.4,825.5,41.72,180
475.0,0.0,0.0,228.0,0.0,932.0,594.0,42.13,270
190.0,190.0,0.0,228.0,0.0,932.0,670.0,53.69,365
237.5,237.5,0.0,228.0,0.0,932.0,594.0,38.41,270
237.5,237.5,0.0,228.0,0.0,932.0,594.0,30.08,28
332.5,142.5,0.0,228.0,0.0,932.0,594.0,37.72,90
475.0,0.0,0.0,228.0,0.0,932.0,594.0,42.23,90
237.5,237.5,0.0,228.0,0.0,932.0,594.0,36.25,180
342.0,38.0,0.0,228.0,0.0,932.0,670.0,50.46,90
427.5,47.5,0.0,228.0,0.0,932.0,594.0,43.70,365
237.5,237.5,0.0,228.0,0.0,932.0,594.0,39.00,365
380.0,0.0,0.0,228.0,0.0,932.0,670.0,53.10,180
427.5,47.5,0.0,228.0,0.0,932.0,594.0,41.54,90
427.5,47.5,0.0,228.0,0.0,932.0,594.0,35.08,7
349.0,0.0,0.0,192.0,0.0,1047.0,806.9,15.05,3
380.0,95.0,0.0,228.0,0.0,932.0,594.0,40.76,180
237.5,237.5,0.0,228.0,0.0,932.0,594.0,26.26,7
380.0,95.0,0.0,228.0,0.0,932.0,594.0,32.82,7
332.5,142.5,0.0,228.0,0.0,932.0,594.0,39.78,180
190.0,190.0,0.0,228.0,0.0,932.0,670.0,46.93,180
237.5,237.5,0.0,228.0,0.0,932.0,594.0,33.12,90
304.0,76.0,0.0,228.0,0.0,932.0,670.0,49.19,90
139.6,209.4,0.0,192.0,0.0,1047.0,806.9,14.59,7
198.6,132.4,0.0,192.0,0.0,978.4,825.5,14.64,7
475.0,0.0,0.0,228.0,0.0,932.0,594.0,41.93,365
198.6,132.4,0.0,192.0,0.0,978.4,825.5,9.13,3
304.0,76.0,0.0,228.0,0.0,932.0,670.0,50.95,180
332.5,142.5,0.0,228.0,0.0,932.0,594.0,33.02,28
304.0,76.0,0.0,228.0,0.0,932.0,670.0,54.38,270
266.0,114.0,0.0,228.0,0.0,932.0,670.0,51.73,270
310.0,0.0,0.0,192.0,0.0,971.0,850.6,9.87,3
190.0,190.0,0.0,228.0,0.0,932.0,670.0,50.66,270
266.0,114.0,0.0,228.0,0.0,932.0,670.0,48.70,180
342.0,38.0,0.0,228.0,0.0,932.0,670.0,55.06,270
139.6,209.4,0.0,192.0,0.0,1047.0,806.9,44.70,360
332.5,142.5,0.0,228.0,0.0,932.0,594.0,30.28,7
190.0,190.0,0.0,228.0,0.0,932.0,670.0,40.86,28
485.0,0.0,0.0,146.0,0.0,1120.0,800.0,71.99,28
374.0,189.2,0.0,170.1,10.1,926.1,756.7,34.40,3
313.3,262.2,0.0,175.5,8.6,1046.9,611.8,28.80,3
425.0,106.3,0.0,153.5,16.5,852.1,887.1,33.40,3
425.0,106.3,0.0,151.4,18.6,936.0,803.7,36.30,3
375.0,93.8,0.0,126.6,23.4,852.1,992.6,29.00,3
475.0,118.8,0.0,181.1,8.9,852.1,781.5,37.80,3
469.0,117.2,0.0,137.8,32.2,852.1,840.5,40.20,3
425.0,106.3,0.0,153.5,16.5,852.1,887.1,33.40,3
388.6,97.1,0.0,157.9,12.1,852.1,925.7,28.10,3
531.3,0.0,0.0,141.8,28.2,852.1,893.7,41.30,3
425.0,106.3,0.0,153.5,16.5,852.1,887.1,33.40,3
318.8,212.5,0.0,155.7,14.3,852.1,880.4,25.20,3
401.8,94.7,0.0,147.4,11.4,946.8,852.1,41.10,3
362.6,189.0,0.0,164.9,11.6,944.7,755.8,35.30,3
323.7,282.8,0.0,183.8,10.3,942.7,659.9,28.30,3
379.5,151.2,0.0,153.9,15.9,1134.3,605.0,28.60,3
362.6,189.0,0.0,164.9,11.6,944.7,755.8,35.30,3
286.3,200.9,0.0,144.7,11.2,1004.6,803.7,24.40,3
362.6,189.0,0.0,164.9,11.6,944.7,755.8,35.30,3
439.0,177.0,0.0,186.0,11.1,884.9,707.9,39.30,3
389.9,189.0,0.0,145.9,22.0,944.7,755.8,40.60,3
362.6,189.0,0.0,164.9,11.6,944.7,755.8,35.30,3
337.9,189.0,0.0,174.9,9.5,944.7,755.8,24.10,3
374.0,189.2,0.0,170.1,10.1,926.1,756.7,46.20,7
313.3,262.2,0.0,175.5,8.6,1046.9,611.8,42.80,7
425.0,106.3,0.0,153.5,16.5,852.1,887.1,49.20,7
425.0,106.3,0.0,151.4,18.6,936.0,803.7,46.80,7
375.0,93.8,0.0,126.6,23.4,852.1,992.6,45.70,7
475.0,118.8,0.0,181.1,8.9,852.1,781.5,55.60,7
469.0,117.2,0.0,137.8,32.2,852.1,840.5,54.90,7
425.0,106.3,0.0,153.5,16.5,852.1,887.1,49.20,7
388.6,97.1,0.0,157.9,12.1,852.1,925.7,34.90,7
531.3,0.0,0.0,141.8,28.2,852.1,893.7,46.90,7
425.0,106.3,0.0,153.5,16.5,852.1,887.1,49.20,7
318.8,212.5,0.0,155.7,14.3,852.1,880.4,33.40,7
401.8,94.7,0.0,147.4,11.4,946.8,852.1,54.10,7
362.6,189.0,0.0,164.9,11.6,944.7,755.8,55.90,7
323.7,282.8,0.0,183.8,10.3,942.7,659.9,49.80,7
379.5,151.2,0.0,153.9,15.9,1134.3,605.0,47.10,7
362.6,189.0,0.0,164.9,11.6,944.7,755.8,55.90,7
286.3,200.9,0.0,144.7,11.2,1004.6,803.7,38.00,7
362.6,189.0,0.0,164.9,11.6,944.7,755.8,55.90,7
439.0,177.0,0.0,186.0,11.1,884.9,707.9,56.10,7
389.9,189.0,0.0,145.9,22.0,944.7,755.8,59.09,7
362.6,189.0,0.0,164.9,11.6,944.7,755.8,22.90,7
337.9,189.0,0.0,174.9,9.5,944.7,755.8,35.10,7
374.0,189.2,0.0,170.1,10.1,926.1,756.7,61.09,28
313.3,262.2,0.0,175.5,8.6,1046.9,611.8,59.80,28
425.0,106.3,0.0,153.5,16.5,852.1,887.1,60.29,28
425.0,106.3,0.0,151.4,18.6,936.0,803.7,61.80,28
375.0,93.8,0.0,126.6,23.4,852.1,992.6,56.70,28
475.0,118.8,0.0,181.1,8.9,852.1,781.5,68.30,28
469.0,117.2,0.0,137.8,32.2,852.1,840.5,66.90,28
425.0,106.3,0.0,153.5,16.5,852.1,887.1,60.29,28
388.6,97.1,0.0,157.9,12.1,852.1,925.7,50.70,28
531.3,0.0,0.0,141.8,28.2,852.1,893.7,56.40,28
425.0,106.3,0.0,153.5,16.5,852.1,887.1,60.29,28
318.8,212.5,0.0,155.7,14.3,852.1,880.4,55.50,28
401.8,94.7,0.0,147.4,11.4,946.8,852.1,68.50,28
362.6,189.0,0.0,164.9,11.6,944.7,755.8,71.30,28
323.7,282.8,0.0,183.8,10.3,942.7,659.9,74.70,28
379.5,151.2,0.0,153.9,15.9,1134.3,605.0,52.20,28
362.6,189.0,0.0,164.9,11.6,944.7,755.8,71.30,28
286.3,200.9,0.0,144.7,11.2,1004.6,803.7,67.70,28
362.6,189.0,0.0,164.9,11.6,944.7,755.8,71.30,28
439.0,177.0,0.0,186.0,11.1,884.9,707.9,66.00,28
389.9,189.0,0.0,145.9,22.0,944.7,755.8,74.50,28
362.6,189.0,0.0,164.9,11.6,944.7,755.8,71.30,28
337.9,189.0,0.0,174.9,9.5,944.7,755.8,49.90,28
374.0,189.2,0.0,170.1,10.1,926.1,756.7,63.40,56
313.3,262.2,0.0,175.5,8.6,1046.9,611.8,64.90,56
425.0,106.3,0.0,153.5,16.5,852.1,887.1,64.30,56
425.0,106.3,0.0,151.4,18.6,936.0,803.7,64.90,56
375.0,93.8,0.0,126.6,23.4,852.1,992.6,60.20,56
475.0,118.8,0.0,181.1,8.9,852.1,781.5,72.30,56
469.0,117.2,0.0,137.8,32.2,852.1,840.5,69.30,56
425.0,106.3,0.0,153.5,16.5,852.1,887.1,64.30,56
388.6,97.1,0.0,157.9,12.1,852.1,925.7,55.20,56
531.3,0.0,0.0,141.8,28.2,852.1,893.7,58.80,56
425.0,106.3,0.0,153.5,16.5,852.1,887.1,64.30,56
318.8,212.5,0.0,155.7,14.3,852.1,880.4,66.10,56
401.8,94.7,0.0,147.4,11.4,946.8,852.1,73.70,56
362.6,189.0,0.0,164.9,11.6,944.7,755.8,77.30,56
323.7,282.8,0.0,183.8,10.3,942.7,659.9,80.20,56
379.5,151.2,0.0,153.9,15.9,1134.3,605.0,54.90,56
362.6,189.0,0.0,164.9,11.6,944.7,755.8,77.30,56
286.3,200.9,0.0,144.7,11.2,1004.6,803.7,72.99,56
362.6,189.0,0.0,164.9,11.6,944.7,755.8,77.30,56
439.0,177.0,0.0,186.0,11.1,884.9,707.9,71.70,56
389.9,189.0,0.0,145.9,22.0,944.7,755.8,79.40,56
362.6,189.0,0.0,164.9,11.6,944.7,755.8,77.30,56
337.9,189.0,0.0,174.9,9.5,944.7,755.8,59.89,56
374.0,189.2,0.0,170.1,10.1,926.1,756.7,64.90,91
313.3,262.2,0.0,175.5,8.6,1046.9,611.8,66.60,91
425.0,106.3,0.0,153.5,16.5,852.1,887.1,65.20,91
425.0,106.3,0.0,151.4,18.6,936.0,803.7,66.70,91
375.0,93.8,0.0,126.6,23.4,852.1,992.6,62.50,91
475.0,118.8,0.0,181.1,8.9,852.1,781.5,74.19,91
469.0,117.2,0.0,137.8,32.2,852.1,840.5,70.70,91
425.0,106.3,0.0,153.5,16.5,852.1,887.1,65.20,91
388.6,97.1,0.0,157.9,12.1,852.1,925.7,57.60,91
531.3,0.0,0.0,141.8,28.2,852.1,893.7,59.20,91
425.0,106.3,0.0,153.5,16.5,852.1,887.1,65.20,91
318.8,212.5,0.0,155.7,14.3,852.1,880.4,68.10,91
401.8,94.7,0.0,147.4,11.4,946.8,852.1,75.50,91
362.6,189.0,0.0,164.9,11.6,944.7,755.8,79.30,91
379.5,151.2,0.0,153.9,15.9,1134.3,605.0,56.50,91
362.6,189.0,0.0,164.9,11.6,944.7,755.8,79.30,91
286.3,200.9,0.0,144.7,11.2,1004.6,803.7,76.80,91
362.6,189.0,0.0,164.9,11.6,944.7,755.8,79.30,91
439.0,177.0,0.0,186.0,11.1,884.9,707.9,73.30,91
389.9,189.0,0.0,145.9,22.0,944.7,755.8,82.60,91
362.6,189.0,0.0,164.9,11.6,944.7,755.8,79.30,91
337.9,189.0,0.0,174.9,9.5,944.7,755.8,67.80,91
222.4,0.0,96.7,189.3,4.5,967.1,870.3,11.58,3
222.4,0.0,96.7,189.3,4.5,967.1,870.3,24.45,14
222.4,0.0,96.7,189.3,4.5,967.1,870.3,24.89,28
222.4,0.0,96.7,189.3,4.5,967.1,870.3,29.45,56
222.4,0.0,96.7,189.3,4.5,967.1,870.3,40.71,100
233.8,0.0,94.6,197.9,4.6,947.0,852.2,10.38,3
233.8,0.0,94.6,197.9,4.6,947.0,852.2,22.14,14
233.8,0.0,94.6,197.9,4.6,947.0,852.2,22.84,28
233.8,0.0,94.6,197.9,4.6,947.0,852.2,27.66,56
233.8,0.0,94.6,197.9,4.6,947.0,852.2,34.56,100
194.7,0.0,100.5,165.6,7.5,1006.4,905.9,12.45,3
194.7,0.0,100.5,165.6,7.5,1006.4,905.9,24.99,14
194.7,0.0,100.5,165.6,7.5,1006.4,905.9,25.72,28
194.7,0.0,100.5,165.6,7.5,1006.4,905.9,33.96,56
194.7,0.0,100.5,165.6,7.5,1006.4,905.9,37.34,100
190.7,0.0,125.4,162.1,7.8,1090.0,804.0,15.04,3
190.7,0.0,125.4,162.1,7.8,1090.0,804.0,21.06,14
190.7,0.0,125.4,162.1,7.8,1090.0,804.0,26.40,28
190.7,0.0,125.4,162.1,7.8,1090.0,804.0,35.34,56
190.7,0.0,125.4,162.1,7.8,1090.0,804.0,40.57,100
212.1,0.0,121.6,180.3,5.7,1057.6,779.3,12.47,3
212.1,0.0,121.6,180.3,5.7,1057.6,779.3,20.92,14
212.1,0.0,121.6,180.3,5.7,1057.6,779.3,24.90,28
212.1,0.0,121.6,180.3,5.7,1057.6,779.3,34.20,56
212.1,0.0,121.6,180.3,5.7,1057.6,779.3,39.61,100
230.0,0.0,118.3,195.5,4.6,1029.4,758.6,10.03,3
230.0,0.0,118.3,195.5,4.6,1029.4,758.6,20.08,14
230.0,0.0,118.3,195.5,4.6,1029.4,758.6,24.48,28
230.0,0.0,118.3,195.5,4.6,1029.4,758.6,31.54,56
230.0,0.0,118.3,195.5,4.6,1029.4,758.6,35.34,100
190.3,0.0,125.2,161.9,9.9,1088.1,802.6,9.45,3
190.3,0.0,125.2,161.9,9.9,1088.1,802.6,22.72,14
190.3,0.0,125.2,161.9,9.9,1088.1,802.6,28.47,28
190.3,0.0,125.2,161.9,9.9,1088.1,802.6,38.56,56
190.3,0.0,125.2,161.9,9.9,1088.1,802.6,40.39,100
166.1,0.0,163.3,176.5,4.5,1058.6,780.1,10.76,3
166.1,0.0,163.3,176.5,4.5,1058.6,780.1,25.48,14
166.1,0.0,163.3,176.5,4.5,1058.6,780.1,21.54,28
166.1,0.0,163.3,176.5,4.5,1058.6,780.1,28.63,56
166.1,0.0,163.3,176.5,4.5,1058.6,780.1,33.54,100
168.0,42.1,163.8,121.8,5.7,1058.7,780.1,7.75,3
168.0,42.1,163.8,121.8,5.7,1058.7,780.1,17.82,14
168.0,42.1,163.8,121.8,5.7,1058.7,780.1,24.24,28
168.0,42.1,163.8,121.8,5.7,1058.7,780.1,32.85,56
168.0,42.1,163.8,121.8,5.7,1058.7,780.1,39.23,100
213.7,98.1,24.5,181.7,6.9,1065.8,785.4,18.00,3
213.7,98.1,24.5,181.7,6.9,1065.8,785.4,30.39,14
213.7,98.1,24.5,181.7,6.9,1065.8,785.4,45.71,28
213.7,98.1,24.5,181.7,6.9,1065.8,785.4,50.77,56
213.7,98.1,24.5,181.7,6.9,1065.8,785.4,53.90,100
213.8,98.1,24.5,181.7,6.7,1066.0,785.5,13.18,3
213.8,98.1,24.5,181.7,6.7,1066.0,785.5,17.84,14
213.8,98.1,24.5,181.7,6.7,1066.0,785.5,40.23,28
213.8,98.1,24.5,181.7,6.7,1066.0,785.5,47.13,56
213.8,98.1,24.5,181.7,6.7,1066.0,785.5,49.97,100
229.7,0.0,118.2,195.2,6.1,1028.1,757.6,13.36,3
229.7,0.0,118.2,195.2,6.1,1028.1,757.6,22.32,14
229.7,0.0,118.2,195.2,6.1,1028.1,757.6,24.54,28
229.7,0.0,118.2,195.2,6.1,1028.1,757.6,31.35,56
229.7,0.0,118.2,195.2,6.1,1028.1,757.6,40.86,100
238.1,0.0,94.1,186.7,7.0,949.9,847.0,19.93,3
238.1,0.0,94.1,186.7,7.0,949.9,847.0,25.69,14
238.1,0.0,94.1,186.7,7.0,949.9,847.0,30.23,28
238.1,0.0,94.1,186.7,7.0,949.9,847.0,39.59,56
238.1,0.0,94.1,186.7,7.0,949.9,847.0,44.30,100
250.0,0.0,95.7,187.4,5.5,956.9,861.2,13.82,3
250.0,0.0,95.7,187.4,5.5,956.9,861.2,24.92,14
250.0,0.0,95.7,187.4,5.5,956.9,861.2,29.22,28
250.0,0.0,95.7,187.4,5.5,956.9,861.2,38.33,56
250.0,0.0,95.7,187.4,5.5,956.9,861.2,42.35,100
212.5,0.0,100.4,159.3,8.7,1007.8,903.6,13.54,3
212.5,0.0,100.4,159.3,8.7,1007.8,903.6,26.31,14
212.5,0.0,100.4,159.3,8.7,1007.8,903.6,31.64,28
212.5,0.0,100.4,159.3,8.7,1007.8,903.6,42.55,56
212.5,0.0,100.4,159.3,8.7,1007.8,903.6,42.92,100
212.6,0.0,100.4,159.4,10.4,1003.8,903.8,13.33,3
212.6,0.0,100.4,159.4,10.4,1003.8,903.8,25.37,14
212.6,0.0,100.4,159.4,10.4,1003.8,903.8,37.40,28
212.6,0.0,100.4,159.4,10.4,1003.8,903.8,44.40,56
212.6,0.0,100.4,159.4,10.4,1003.8,903.8,47.74,100
212.0,0.0,124.8,159.0,7.8,1085.4,799.5,19.52,3
212.0,0.0,124.8,159.0,7.8,1085.4,799.5,31.35,14
212.0,0.0,124.8,159.0,7.8,1085.4,799.5,38.50,28
212.0,0.0,124.8,159.0,7.8,1085.4,799.5,45.08,56
212.0,0.0,124.8,159.0,7.8,1085.4,799.5,47.82,100
231.8,0.0,121.6,174.0,6.7,1056.4,778.5,15.44,3
231.8,0.0,121.6,174.0,6.7,1056.4,778.5,26.77,14
231.8,0.0,121.6,174.0,6.7,1056.4,778.5,33.73,28
231.8,0.0,121.6,174.0,6.7,1056.4,778.5,42.70,56
231.8,0.0,121.6,174.0,6.7,1056.4,778.5,45.84,100
251.4,0.0,118.3,188.5,5.8,1028.4,757.7,17.22,3
251.4,0.0,118.3,188.5,5.8,1028.4,757.7,29.93,14
251.4,0.0,118.3,188.5,5.8,1028.4,757.7,29.65,28
251.4,0.0,118.3,188.5,5.8,1028.4,757.7,36.97,56
251.4,0.0,118.3,188.5,5.8,1028.4,757.7,43.58,100
251.4,0.0,118.3,188.5,6.4,1028.4,757.7,13.12,3
251.4,0.0,118.3,188.5,6.4,1028.4,757.7,24.43,14
251.4,0.0,118.3,188.5,6.4,1028.4,757.7,32.66,28
251.4,0.0,118.3,188.5,6.4,1028.4,757.7,36.64,56
251.4,0.0,118.3,188.5,6.4,1028.4,757.7,44.21,100
181.4,0.0,167.0,169.6,7.6,1055.6,777.8,13.62,3
181.4,0.0,167.0,169.6,7.6,1055.6,777.8,21.60,14
181.4,0.0,167.0,169.6,7.6,1055.6,777.8,27.77,28
181.4,0.0,167.0,169.6,7.6,1055.6,777.8,35.57,56
181.4,0.0,167.0,169.6,7.6,1055.6,777.8,45.37,100
182.0,45.2,122.0,170.2,8.2,1059.4,780.7,7.32,3
182.0,45.2,122.0,170.2,8.2,1059.4,780.7,21.50,14
182.0,45.2,122.0,170.2,8.2,1059.4,780.7,31.27,28
182.0,45.2,122.0,170.2,8.2,1059.4,780.7,43.50,56
182.0,45.2,122.0,170.2,8.2,1059.4,780.7,48.67,100
168.9,42.2,124.3,158.3,10.8,1080.8,796.2,7.40,3
168.9,42.2,124.3,158.3,10.8,1080.8,796.2,23.51,14
168.9,42.2,124.3,158.3,10.8,1080.8,796.2,31.12,28
168.9,42.2,124.3,158.3,10.8,1080.8,796.2,39.15,56
168.9,42.2,124.3,158.3,10.8,1080.8,796.2,48.15,100
290.4,0.0,96.2,168.1,9.4,961.2,865.0,22.50,3
290.4,0.0,96.2,168.1,9.4,961.2,865.0,34.67,14
290.4,0.0,96.2,168.1,9.4,961.2,865.0,34.74,28
290.4,0.0,96.2,168.1,9.4,961.2,865.0,45.08,56
290.4,0.0,96.2,168.1,9.4,961.2,865.0,48.97,100
277.1,0.0,97.4,160.6,11.8,973.9,875.6,23.14,3
277.1,0.0,97.4,160.6,11.8,973.9,875.6,41.89,14
277.1,0.0,97.4,160.6,11.8,973.9,875.6,48.28,28
277.1,0.0,97.4,160.6,11.8,973.9,875.6,51.04,56
277.1,0.0,97.4,160.6,11.8,973.9,875.6,55.64,100
295.7,0.0,95.6,171.5,8.9,955.1,859.2,22.95,3
295.7,0.0,95.6,171.5,8.9,955.1,859.2,35.23,14
295.7,0.0,95.6,171.5,8.9,955.1,859.2,39.94,28
295.7,0.0,95.6,171.5,8.9,955.1,859.2,48.72,56
295.7,0.0,95.6,171.5,8.9,955.1,859.2,52.04,100
251.8,0.0,99.9,146.1,12.4,1006.0,899.8,21.02,3
251.8,0.0,99.9,146.1,12.4,1006.0,899.8,33.36,14
251.8,0.0,99.9,146.1,12.4,1006.0,899.8,33.94,28
251.8,0.0,99.9,146.1,12.4,1006.0,899.8,44.14,56
251.8,0.0,99.9,146.1,12.4,1006.0,899.8,45.37,100
249.1,0.0,98.8,158.1,12.8,987.8,889.0,15.36,3
249.1,0.0,98.8,158.1,12.8,987.8,889.0,28.68,14
249.1,0.0,98.8,158.1,12.8,987.8,889.0,30.85,28
249.1,0.0,98.8,158.1,12.8,987.8,889.0,42.03,56
249.1,0.0,98.8,158.1,12.8,987.8,889.0,51.06,100
252.3,0.0,98.8,146.3,14.2,987.8,889.0,21.78,3
252.3,0.0,98.8,146.3,14.2,987.8,889.0,42.29,14
252.3,0.0,98.8,146.3,14.2,987.8,889.0,50.60,28
252.3,0.0,98.8,146.3,14.2,987.8,889.0,55.83,56
252.3,0.0,98.8,146.3,14.2,987.8,889.0,60.95,100
246.8,0.0,125.1,143.3,12.0,1086.8,800.9,23.52,3
246.8,0.0,125.1,143.3,12.0,1086.8,800.9,42.22,14
246.8,0.0,125.1,143.3,12.0,1086.8,800.9,52.50,28
246.8,0.0,125.1,143.3,12.0,1086.8,800.9,60.32,56
246.8,0.0,125.1,143.3,12.0,1086.8,800.9,66.42,100
275.1,0.0,121.4,159.5,9.9,1053.6,777.5,23.80,3
275.1,0.0,121.4,159.5,9.9,1053.6,777.5,38.77,14
275.1,0.0,121.4,159.5,9.9,1053.6,777.5,51.33,28
275.1,0.0,121.4,159.5,9.9,1053.6,777.5,56.85,56
275.1,0.0,121.4,159.5,9.9,1053.6,777.5,58.61,100
297.2,0.0,117.5,174.8,9.5,1022.8,753.5,21.91,3
297.2,0.0,117.5,174.8,9.5,1022.8,753.5,36.99,14
297.2,0.0,117.5,174.8,9.5,1022.8,753.5,47.40,28
297.2,0.0,117.5,174.8,9.5,1022.8,753.5,51.96,56
297.2,0.0,117.5,174.8,9.5,1022.8,753.5,56.74,100
213.7,0.0,174.7,154.8,10.2,1053.5,776.4,17.57,3
213.7,0.0,174.7,154.8,10.2,1053.5,776.4,33.73,14
213.7,0.0,174.7,154.8,10.2,1053.5,776.4,40.15,28
213.7,0.0,174.7,154.8,10.2,1053.5,776.4,46.64,56
213.7,0.0,174.7,154.8,10.2,1053.5,776.4,50.08,100
213.5,0.0,174.2,154.6,11.7,1052.3,775.5,17.37,3
213.5,0.0,174.2,154.6,11.7,1052.3,775.5,33.70,14
213.5,0.0,174.2,154.6,11.7,1052.3,775.5,45.94,28
213.5,0.0,174.2,154.6,11.7,1052.3,775.5,51.43,56
213.5,0.0,174.2,154.6,11.7,1052.3,775.5,59.30,100
277.2,97.8,24.5,160.7,11.2,1061.7,782.5,30.45,3
277.2,97.8,24.5,160.7,11.2,1061.7,782.5,47.71,14
277.2,97.8,24.5,160.7,11.2,1061.7,782.5,63.14,28
277.2,97.8,24.5,160.7,11.2,1061.7,782.5,66.82,56
277.2,97.8,24.5,160.7,11.2,1061.7,782.5,66.95,100
218.2,54.6,123.8,140.8,11.9,1075.7,792.7,27.42,3
218.2,54.6,123.8,140.8,11.9,1075.7,792.7,35.96,14
218.2,54.6,123.8,140.8,11.9,1075.7,792.7,55.51,28
218.2,54.6,123.8,140.8,11.9,1075.7,792.7,61.99,56
218.2,54.6,123.8,140.8,11.9,1075.7,792.7,63.53,100
214.9,53.8,121.9,155.6,9.6,1014.3,780.6,18.02,3
214.9,53.8,121.9,155.6,9.6,1014.3,780.6,38.60,14
214.9,53.8,121.9,155.6,9.6,1014.3,780.6,52.20,28
214.9,53.8,121.9,155.6,9.6,1014.3,780.6,53.96,56
214.9,53.8,121.9,155.6,9.6,1014.3,780.6,56.63,100
218.9,0.0,124.1,158.5,11.3,1078.7,794.9,15.34,3
218.9,0.0,124.1,158.5,11.3,1078.7,794.9,26.05,14
218.9,0.0,124.1,158.5,11.3,1078.7,794.9,30.22,28
218.9,0.0,124.1,158.5,11.3,1078.7,794.9,37.27,56
218.9,0.0,124.1,158.5,11.3,1078.7,794.9,46.23,100
376.0,0.0,0.0,214.6,0.0,1003.5,762.4,16.28,3
376.0,0.0,0.0,214.6,0.0,1003.5,762.4,25.62,14
376.0,0.0,0.0,214.6,0.0,1003.5,762.4,31.97,28
376.0,0.0,0.0,214.6,0.0,1003.5,762.4,36.30,56
376.0,0.0,0.0,214.6,0.0,1003.5,762.4,43.06,100
500.0,0.0,0.0,140.0,4.0,966.0,853.0,67.57,28
475.0,0.0,59.0,142.0,1.9,1098.0,641.0,57.23,28
315.0,137.0,0.0,145.0,5.9,1130.0,745.0,81.75,28
505.0,0.0,60.0,195.0,0.0,1030.0,630.0,64.02,28
451.0,0.0,0.0,165.0,11.3,1030.0,745.0,78.80,28
516.0,0.0,0.0,162.0,8.2,801.0,802.0,41.37,28
520.0,0.0,0.0,170.0,5.2,855.0,855.0,60.28,28
528.0,0.0,0.0,185.0,6.9,920.0,720.0,56.83,28
520.0,0.0,0.0,175.0,5.2,870.0,805.0,51.02,28
385.0,0.0,136.0,158.0,20.0,903.0,768.0,55.55,28
500.1,0.0,0.0,200.0,3.0,1124.4,613.2,44.13,28
450.1,50.0,0.0,200.0,3.0,1124.4,613.2,39.38,28
397.0,17.2,158.0,167.0,20.8,967.0,633.0,55.65,28
333.0,17.5,163.0,167.0,17.9,996.0,652.0,47.28,28
334.0,17.6,158.0,189.0,15.3,967.0,633.0,44.33,28
405.0,0.0,0.0,175.0,0.0,1120.0,695.0,52.30,28
200.0,200.0,0.0,190.0,0.0,1145.0,660.0,49.25,28
516.0,0.0,0.0,162.0,8.3,801.0,802.0,41.37,28
145.0,116.0,119.0,184.0,5.7,833.0,880.0,29.16,28
160.0,128.0,122.0,182.0,6.4,824.0,879.0,39.40,28
234.0,156.0,0.0,189.0,5.9,981.0,760.0,39.30,28
250.0,180.0,95.0,159.0,9.5,860.0,800.0,67.87,28
475.0,0.0,0.0,162.0,9.5,1044.0,662.0,58.52,28
285.0,190.0,0.0,163.0,7.6,1031.0,685.0,53.58,28
356.0,119.0,0.0,160.0,9.0,1061.0,657.0,59.00,28
275.0,180.0,120.0,162.0,10.4,830.0,765.0,76.24,28
500.0,0.0,0.0,151.0,9.0,1033.0,655.0,69.84,28
165.0,0.0,143.6,163.8,0.0,1005.6,900.9,14.40,3
165.0,128.5,132.1,175.1,8.1,1005.8,746.6,19.42,3
178.0,129.8,118.6,179.9,3.6,1007.3,746.8,20.73,3
167.4,129.9,128.6,175.5,7.8,1006.3,746.6,14.94,3
172.4,13.6,172.4,156.8,4.1,1006.3,856.4,21.29,3
173.5,50.1,173.5,164.8,6.5,1006.2,793.5,23.08,3
167.0,75.4,167.0,164.0,7.9,1007.3,770.1,15.52,3
173.8,93.4,159.9,172.3,9.7,1007.2,746.6,15.82,3
190.3,0.0,125.2,166.6,9.9,1079.0,798.9,12.55,3
250.0,0.0,95.7,191.8,5.3,948.9,857.2,8.49,3
213.5,0.0,174.2,159.2,11.7,1043.6,771.9,15.61,3
194.7,0.0,100.5,170.2,7.5,998.0,901.8,12.18,3
251.4,0.0,118.3,192.9,5.8,1043.6,754.3,11.98,3
165.0,0.0,143.6,163.8,0.0,1005.6,900.9,16.88,14
165.0,128.5,132.1,175.1,8.1,1005.8,746.6,33.09,14
178.0,129.8,118.6,179.9,3.6,1007.3,746.8,34.24,14
167.4,129.9,128.6,175.5,7.8,1006.3,746.6,31.81,14
172.4,13.6,172.4,156.8,4.1,1006.3,856.4,29.75,14
173.5,50.1,173.5,164.8,6.5,1006.2,793.5,33.01,14
167.0,75.4,167.0,164.0,7.9,1007.3,770.1,32.90,14
173.8,93.4,159.9,172.3,9.7,1007.2,746.6,29.55,14
190.3,0.0,125.2,166.6,9.9,1079.0,798.9,19.42,14
250.0,0.0,95.7,191.8,5.3,948.9,857.2,24.66,14
213.5,0.0,174.2,159.2,11.7,1043.6,771.9,29.59,14
194.7,0.0,100.5,170.2,7.5,998.0,901.8,24.28,14
251.4,0.0,118.3,192.9,5.8,1043.6,754.3,20.73,14
165.0,0.0,143.6,163.8,0.0,1005.6,900.9,26.20,28
165.0,128.5,132.1,175.1,8.1,1005.8,746.6,46.39,28
178.0,129.8,118.6,179.9,3.6,1007.3,746.8,39.16,28
167.4,129.9,128.6,175.5,7.8,1006.3,746.6,41.20,28
172.4,13.6,172.4,156.8,4.1,1006.3,856.4,33.69,28
173.5,50.1,173.5,164.8,6.5,1006.2,793.5,38.20,28
167.0,75.4,167.0,164.0,7.9,1007.3,770.1,41.41,28
173.8,93.4,159.9,172.3,9.7,1007.2,746.6,37.81,28
190.3,0.0,125.2,166.6,9.9,1079.0,798.9,24.85,28
250.0,0.0,95.7,191.8,5.3,948.9,857.2,27.22,28
213.5,0.0,174.2,159.2,11.7,1043.6,771.9,44.64,28
194.7,0.0,100.5,170.2,7.5,998.0,901.8,37.27,28
251.4,0.0,118.3,192.9,5.8,1043.6,754.3,33.27,28
165.0,0.0,143.6,163.8,0.0,1005.6,900.9,36.56,56
165.0,128.5,132.1,175.1,8.1,1005.8,746.6,53.72,56
178.0,129.8,118.6,179.9,3.6,1007.3,746.8,48.59,56
167.4,129.9,128.6,175.5,7.8,1006.3,746.6,51.72,56
172.4,13.6,172.4,156.8,4.1,1006.3,856.4,35.85,56
173.5,50.1,173.5,164.8,6.5,1006.2,793.5,53.77,56
167.0,75.4,167.0,164.0,7.9,1007.3,770.1,53.46,56
173.8,93.4,159.9,172.3,9.7,1007.2,746.6,48.99,56
190.3,0.0,125.2,166.6,9.9,1079.0,798.9,31.72,56
250.0,0.0,95.7,191.8,5.3,948.9,857.2,39.64,56
213.5,0.0,174.2,159.2,11.7,1043.6,771.9,51.26,56
194.7,0.0,100.5,170.2,7.5,998.0,901.8,43.39,56
251.4,0.0,118.3,192.9,5.8,1043.6,754.3,39.27,56
165.0,0.0,143.6,163.8,0.0,1005.6,900.9,37.96,100
165.0,128.5,132.1,175.1,8.1,1005.8,746.6,55.02,100
178.0,129.8,118.6,179.9,3.6,1007.3,746.8,49.99,100
167.4,129.9,128.6,175.5,7.8,1006.3,746.6,53.66,100
172.4,13.6,172.4,156.8,4.1,1006.3,856.4,37.68,100
173.5,50.1,173.5,164.8,6.5,1006.2,793.5,56.06,100
167.0,75.4,167.0,164.0,7.9,1007.3,770.1,56.81,100
173.8,93.4,159.9,172.3,9.7,1007.2,746.6,50.94,100
190.3,0.0,125.2,166.6,9.9,1079.0,798.9,33.56,100
250.0,0.0,95.7,191.8,5.3,948.9,857.2,41.16,100
213.5,0.0,174.2,159.2,11.7,1043.6,771.9,52.96,100
194.7,0.0,100.5,170.2,7.5,998.0,901.8,44.28,100
251.4,0.0,118.3,192.9,5.8,1043.6,754.3,40.15,100
446.0,24.0,79.0,162.0,11.6,967.0,712.0,57.03,28
446.0,24.0,79.0,162.0,11.6,967.0,712.0,44.42,28
446.0,24.0,79.0,162.0,11.6,967.0,712.0,51.02,28
446.0,24.0,79.0,162.0,10.3,967.0,712.0,53.39,28
446.0,24.0,79.0,162.0,11.6,967.0,712.0,35.36,3
446.0,24.0,79.0,162.0,11.6,967.0,712.0,25.02,3
446.0,24.0,79.0,162.0,11.6,967.0,712.0,23.35,3
446.0,24.0,79.0,162.0,11.6,967.0,712.0,52.01,7
446.0,24.0,79.0,162.0,11.6,967.0,712.0,38.02,7
446.0,24.0,79.0,162.0,11.6,967.0,712.0,39.30,7
446.0,24.0,79.0,162.0,11.6,967.0,712.0,61.07,56
446.0,24.0,79.0,162.0,11.6,967.0,712.0,56.14,56
446.0,24.0,79.0,162.0,11.6,967.0,712.0,55.25,56
446.0,24.0,79.0,162.0,10.3,967.0,712.0,54.77,56
387.0,20.0,94.0,157.0,14.3,938.0,845.0,50.24,28
387.0,20.0,94.0,157.0,13.9,938.0,845.0,46.68,28
387.0,20.0,94.0,157.0,11.6,938.0,845.0,46.68,28
387.0,20.0,94.0,157.0,14.3,938.0,845.0,22.75,3
387.0,20.0,94.0,157.0,13.9,938.0,845.0,25.51,3
387.0,20.0,94.0,157.0,11.6,938.0,845.0,34.77,3
387.0,20.0,94.0,157.0,14.3,938.0,845.0,36.84,7
387.0,20.0,94.0,157.0,13.9,938.0,845.0,45.90,7
387.0,20.0,94.0,157.0,11.6,938.0,845.0,41.67,7
387.0,20.0,94.0,157.0,14.3,938.0,845.0,56.34,56
387.0,20.0,94.0,157.0,13.9,938.0,845.0,47.97,56
387.0,20.0,94.0,157.0,11.6,938.0,845.0,61.46,56
355.0,19.0,97.0,145.0,13.1,967.0,871.0,44.03,28
355.0,19.0,97.0,145.0,12.3,967.0,871.0,55.45,28
491.0,26.0,123.0,210.0,3.9,882.0,699.0,55.55,28
491.0,26.0,123.0,201.0,3.9,822.0,699.0,57.92,28
491.0,26.0,123.0,210.0,3.9,882.0,699.0,25.61,3
491.0,26.0,123.0,210.0,3.9,882.0,699.0,33.49,7
491.0,26.0,123.0,210.0,3.9,882.0,699.0,59.59,56
491.0,26.0,123.0,201.0,3.9,822.0,699.0,29.55,3
491.0,26.0,123.0,201.0,3.9,822.0,699.0,37.92,7
491.0,26.0,123.0,201.0,3.9,822.0,699.0,61.86,56
424.0,22.0,132.0,178.0,8.5,822.0,750.0,62.05,28
424.0,22.0,132.0,178.0,8.5,882.0,750.0,32.01,3
424.0,22.0,132.0,168.0,8.9,822.0,750.0,72.10,28
424.0,22.0,132.0,178.0,8.5,822.0,750.0,39.00,7
424.0,22.0,132.0,178.0,8.5,822.0,750.0,65.70,56
424.0,22.0,132.0,168.0,8.9,822.0,750.0,32.11,3
424.0,22.0,132.0,168.0,8.9,822.0,750.0,40.29,7
424.0,22.0,132.0,168.0,8.9,822.0,750.0,74.36,56
202.0,11.0,141.0,206.0,1.7,942.0,801.0,21.97,28
202.0,11.0,141.0,206.0,1.7,942.0,801.0,9.85,3
202.0,11.0,141.0,206.0,1.7,942.0,801.0,15.07,7
202.0,11.0,141.0,206.0,1.7,942.0,801.0,23.25,56
284.0,15.0,141.0,179.0,5.5,842.0,801.0,43.73,28
284.0,15.0,141.0,179.0,5.5,842.0,801.0,13.40,3
284.0,15.0,141.0,179.0,5.5,842.0,801.0,24.13,7
284.0,15.0,141.0,179.0,5.5,842.0,801.0,44.52,56
359.0,19.0,141.0,154.0,10.9,942.0,801.0,62.94,28
359.0,19.0,141.0,154.0,10.9,942.0,801.0,59.49,28
359.0,19.0,141.0,154.0,10.9,942.0,801.0,25.12,3
359.0,19.0,141.0,154.0,10.9,942.0,801.0,23.64,3
359.0,19.0,141.0,154.0,10.9,942.0,801.0,35.75,7
359.0,19.0,141.0,154.0,10.9,942.0,801.0,38.61,7
359.0,19.0,141.0,154.0,10.9,942.0,801.0,68.75,56
359.0,19.0,141.0,154.0,10.9,942.0,801.0,66.78,56
436.0,0.0,0.0,218.0,0.0,838.4,719.7,23.85,28
289.0,0.0,0.0,192.0,0.0,913.2,895.3,32.07,90
289.0,0.0,0.0,192.0,0.0,913.2,895.3,11.65,3
393.0,0.0,0.0,192.0,0.0,940.6,785.6,19.20,3
393.0,0.0,0.0,192.0,0.0,940.6,785.6,48.85,90
393.0,0.0,0.0,192.0,0.0,940.6,785.6,39.60,28
480.0,0.0,0.0,192.0,0.0,936.2,712.2,43.94,28
480.0,0.0,0.0,192.0,0.0,936.2,712.2,34.57,7
480.0,0.0,0.0,192.0,0.0,936.2,712.2,54.32,90
480.0,0.0,0.0,192.0,0.0,936.2,712.2,24.40,3
333.0,0.0,0.0,192.0,0.0,931.2,842.6,15.62,3
255.0,0.0,0.0,192.0,0.0,889.8,945.0,21.86,90
255.0,0.0,0.0,192.0,0.0,889.8,945.0,10.22,7
289.0,0.0,0.0,192.0,0.0,913.2,895.3,14.60,7
255.0,0.0,0.0,192.0,0.0,889.8,945.0,18.75,28
333.0,0.0,0.0,192.0,0.0,931.2,842.6,31.97,28
333.0,0.0,0.0,192.0,0.0,931.2,842.6,23.40,7
289.0,0.0,0.0,192.0,0.0,913.2,895.3,25.57,28
333.0,0.0,0.0,192.0,0.0,931.2,842.6,41.68,90
393.0,0.0,0.0,192.0,0.0,940.6,785.6,27.74,7
255.0,0.0,0.0,192.0,0.0,889.8,945.0,8.20,3
158.8,238.2,0.0,185.7,0.0,1040.6,734.3,9.62,7
239.6,359.4,0.0,185.7,0.0,941.6,664.3,25.42,7
238.2,158.8,0.0,185.7,0.0,1040.6,734.3,15.69,7
181.9,272.8,0.0,185.7,0.0,1012.4,714.3,27.94,28
193.5,290.2,0.0,185.7,0.0,998.2,704.3,32.63,28
255.5,170.3,0.0,185.7,0.0,1026.6,724.3,17.24,7
272.8,181.9,0.0,185.7,0.0,1012.4,714.3,19.77,7
239.6,359.4,0.0,185.7,0.0,941.6,664.3,39.44,28
220.8,147.2,0.0,185.7,0.0,1055.0,744.3,25.75,28
397.0,0.0,0.0,185.7,0.0,1040.6,734.3,33.08,28
382.5,0.0,0.0,185.7,0.0,1047.8,739.3,24.07,7
210.7,316.1,0.0,185.7,0.0,977.0,689.3,21.82,7
158.8,238.2,0.0,185.7,0.0,1040.6,734.3,21.07,28
295.8,0.0,0.0,185.7,0.0,1091.4,769.3,14.84,7
255.5,170.3,0.0,185.7,0.0,1026.6,724.3,32.05,28
203.5,135.7,0.0,185.7,0.0,1076.2,759.3,11.96,7
397.0,0.0,0.0,185.7,0.0,1040.6,734.3,25.45,7
381.4,0.0,0.0,185.7,0.0,1104.6,784.3,22.49,28
295.8,0.0,0.0,185.7,0.0,1091.4,769.3,25.22,28
228.0,342.1,0.0,185.7,0.0,955.8,674.3,39.70,28
220.8,147.2,0.0,185.7,0.0,1055.0,744.3,13.09,7
316.1,210.7,0.0,185.7,0.0,977.0,689.3,38.70,28
135.7,203.5,0.0,185.7,0.0,1076.2,759.3,7.51,7
238.1,0.0,0.0,185.7,0.0,1118.8,789.3,17.58,28
339.2,0.0,0.0,185.7,0.0,1069.2,754.3,21.18,7
135.7,203.5,0.0,185.7,0.0,1076.2,759.3,18.20,28
193.5,290.2,0.0,185.7,0.0,998.2,704.3,17.20,7
203.5,135.7,0.0,185.7,0.0,1076.2,759.3,22.63,28
290.2,193.5,0.0,185.7,0.0,998.2,704.3,21.86,7
181.9,272.8,0.0,185.7,0.0,1012.4,714.3,12.37,7
170.3,155.5,0.0,185.7,0.0,1026.6,724.3,25.73,28
210.7,316.1,0.0,185.7,0.0,977.0,689.3,37.81,28
228.0,342.1,0.0,185.7,0.0,955.8,674.3,21.92,7
290.2,193.5,0.0,185.7,0.0,998.2,704.3,33.04,28
381.4,0.0,0.0,185.7,0.0,1104.6,784.3,14.54,7
238.2,158.8,0.0,185.7,0.0,1040.6,734.3,26.91,28
186.2,124.1,0.0,185.7,0.0,1083.4,764.3,8.00,7
339.2,0.0,0.0,185.7,0.0,1069.2,754.3,31.90,28
238.1,0.0,0.0,185.7,0.0,1118.8,789.3,10.34,7
252.5,0.0,0.0,185.7,0.0,1111.6,784.3,19.77,28
382.5,0.0,0.0,185.7,0.0,1047.8,739.3,37.44,28
252.5,0.0,0.0,185.7,0.0,1111.6,784.3,11.48,7
316.1,210.7,0.0,185.7,0.0,977.0,689.3,24.44,7
186.2,124.1,0.0,185.7,0.0,1083.4,764.3,17.60,28
170.3,155.5,0.0,185.7,0.0,1026.6,724.3,10.73,7
272.8,181.9,0.0,185.7,0.0,1012.4,714.3,31.38,28
339.0,0.0,0.0,197.0,0.0,968.0,781.0,13.22,3
339.0,0.0,0.0,197.0,0.0,968.0,781.0,20.97,7
339.0,0.0,0.0,197.0,0.0,968.0,781.0,27.04,14
339.0,0.0,0.0,197.0,0.0,968.0,781.0,32.04,28
339.0,0.0,0.0,197.0,0.0,968.0,781.0,35.17,90
339.0,0.0,0.0,197.0,0.0,968.0,781.0,36.45,180
339.0,0.0,0.0,197.0,0.0,968.0,781.0,38.89,365
236.0,0.0,0.0,194.0,0.0,968.0,885.0,6.47,3
236.0,0.0,0.0,194.0,0.0,968.0,885.0,12.84,14
236.0,0.0,0.0,194.0,0.0,968.0,885.0,18.42,28
236.0,0.0,0.0,194.0,0.0,968.0,885.0,21.95,90
236.0,0.0,0.0,193.0,0.0,968.0,885.0,24.10,180
236.0,0.0,0.0,193.0,0.0,968.0,885.0,25.08,365
277.0,0.0,0.0,191.0,0.0,968.0,856.0,21.26,14
277.0,0.0,0.0,191.0,0.0,968.0,856.0,25.97,28
277.0,0.0,0.0,191.0,0.0,968.0,856.0,11.36,3
277.0,0.0,0.0,191.0,0.0,968.0,856.0,31.25,90
277.0,0.0,0.0,191.0,0.0,968.0,856.0,32.33,180
277.0,0.0,0.0,191.0,0.0,968.0,856.0,33.70,360
254.0,0.0,0.0,198.0,0.0,968.0,863.0,9.31,3
254.0,0.0,0.0,198.0,0.0,968.0,863.0,26.94,90
254.0,0.0,0.0,198.0,0.0,968.0,863.0,27.63,180
254.0,0.0,0.0,198.0,0.0,968.0,863.0,29.79,365
307.0,0.0,0.0,193.0,0.0,968.0,812.0,34.49,180
307.0,0.0,0.0,193.0,0.0,968.0,812.0,36.15,365
307.0,0.0,0.0,193.0,0.0,968.0,812.0,12.54,3
307.0,0.0,0.0,193.0,0.0,968.0,812.0,27.53,28
307.0,0.0,0.0,193.0,0.0,968.0,812.0,32.92,90
236.0,0.0,0.0,193.0,0.0,968.0,885.0,9.99,7
200.0,0.0,0.0,180.0,0.0,1125.0,845.0,7.84,7
200.0,0.0,0.0,180.0,0.0,1125.0,845.0,12.25,28
225.0,0.0,0.0,181.0,0.0,1113.0,833.0,11.17,7
225.0,0.0,0.0,181.0,0.0,1113.0,833.0,17.34,28
325.0,0.0,0.0,184.0,0.0,1063.0,783.0,17.54,7
325.0,0.0,0.0,184.0,0.0,1063.0,783.0,30.57,28
275.0,0.0,0.0,183.0,0.0,1088.0,808.0,14.20,7
275.0,0.0,0.0,183.0,0.0,1088.0,808.0,24.50,28
300.0,0.0,0.0,184.0,0.0,1075.0,795.0,15.58,7
300.0,0.0,0.0,184.0,0.0,1075.0,795.0,26.85,28
375.0,0.0,0.0,186.0,0.0,1038.0,758.0,26.06,7
375.0,0.0,0.0,186.0,0.0,1038.0,758.0,38.21,28
400.0,0.0,0.0,187.0,0.0,1025.0,745.0,43.70,28
400.0,0.0,0.0,187.0,0.0,1025.0,745.0,30.14,7
250.0,0.0,0.0,182.0,0.0,1100.0,820.0,12.73,7
250.0,0.0,0.0,182.0,0.0,1100.0,820.0,20.87,28
350.0,0.0,0.0,186.0,0.0,1050.0,770.0,20.28,7
350.0,0.0,0.0,186.0,0.0,1050.0,770.0,34.29,28
203.5,305.3,0.0,203.5,0.0,963.4,630.0,19.54,7
250.2,166.8,0.0,203.5,0.0,977.6,694.1,47.71,90
157.0,236.0,0.0,192.0,0.0,935.4,781.2,43.38,90
141.3,212.0,0.0,203.5,0.0,971.8,748.5,29.89,28
166.8,250.2,0.0,203.5,0.0,975.6,692.6,6.90,3
122.6,183.9,0.0,203.5,0.0,958.2,800.1,33.19,90
183.9,122.6,0.0,203.5,0.0,959.2,800.0,4.90,3
102.0,153.0,0.0,192.0,0.0,887.0,942.0,4.57,3
102.0,153.0,0.0,192.0,0.0,887.0,942.0,25.46,90
122.6,183.9,0.0,203.5,0.0,958.2,800.1,24.29,28
166.8,250.2,0.0,203.5,0.0,975.6,692.6,33.95,28
200.0,133.0,0.0,192.0,0.0,965.4,806.2,11.41,3
108.3,162.4,0.0,203.5,0.0,938.2,849.0,20.59,28
305.3,203.5,0.0,203.5,0.0,965.4,631.0,25.89,7
108.3,162.4,0.0,203.5,0.0,938.2,849.0,29.23,90
116.0,173.0,0.0,192.0,0.0,909.8,891.9,31.02,90
141.3,212.0,0.0,203.5,0.0,971.8,748.5,10.39,7
157.0,236.0,0.0,192.0,0.0,935.4,781.2,33.66,28
133.0,200.0,0.0,192.0,0.0,927.4,839.2,27.87,28
250.2,166.8,0.0,203.5,0.0,977.6,694.1,19.35,7
173.0,116.0,0.0,192.0,0.0,946.8,856.8,11.39,7
192.0,288.0,0.0,192.0,0.0,929.8,716.1,12.79,3
192.0,288.0,0.0,192.0,0.0,929.8,716.1,39.32,28
153.0,102.0,0.0,192.0,0.0,888.0,943.1,4.78,3
288.0,192.0,0.0,192.0,0.0,932.0,717.8,16.11,3
305.3,203.5,0.0,203.5,0.0,965.4,631.0,43.38,28
236.0,157.0,0.0,192.0,0.0,972.6,749.1,20.42,7
173.0,116.0,0.0,192.0,0.0,946.8,856.8,6.94,3
212.0,141.3,0.0,203.5,0.0,973.4,750.0,15.03,7
236.0,157.0,0.0,192.0,0.0,972.6,749.1,13.57,3
183.9,122.6,0.0,203.5,0.0,959.2,800.0,32.53,90
166.8,250.2,0.0,203.5,0.0,975.6,692.6,15.75,7
102.0,153.0,0.0,192.0,0.0,887.0,942.0,7.68,7
288.0,192.0,0.0,192.0,0.0,932.0,717.8,38.80,28
212.0,141.3,0.0,203.5,0.0,973.4,750.0,33.00,28
102.0,153.0,0.0,192.0,0.0,887.0,942.0,17.28,28
173.0,116.0,0.0,192.0,0.0,946.8,856.8,24.28,28
183.9,122.6,0.0,203.5,0.0,959.2,800.0,24.05,28
133.0,200.0,0.0,192.0,0.0,927.4,839.2,36.59,90
192.0,288.0,0.0,192.0,0.0,929.8,716.1,50.73,90
133.0,200.0,0.0,192.0,0.0,927.4,839.2,13.66,7
305.3,203.5,0.0,203.5,0.0,965.4,631.0,14.14,3
236.0,157.0,0.0,192.0,0.0,972.6,749.1,47.78,90
108.3,162.4,0.0,203.5,0.0,938.2,849.0,2.33,3
157.0,236.0,0.0,192.0,0.0,935.4,781.2,16.89,7
288.0,192.0,0.0,192.0,0.0,932.0,717.8,23.52,7
212.0,141.3,0.0,203.5,0.0,973.4,750.0,6.81,3
212.0,141.3,0.0,203.5,0.0,973.4,750.0,39.70,90
153.0,102.0,0.0,192.0,0.0,888.0,943.1,17.96,28
236.0,157.0,0.0,192.0,0.0,972.6,749.1,32.88,28
116.0,173.0,0.0,192.0,0.0,909.8,891.9,22.35,28
183.9,122.6,0.0,203.5,0.0,959.2,800.0,10.79,7
108.3,162.4,0.0,203.5,0.0,938.2,849.0,7.72,7
203.5,305.3,0.0,203.5,0.0,963.4,630.0,41.68,28
203.5,305.3,0.0,203.5,0.0,963.4,630.0,9.56,3
133.0,200.0,0.0,192.0,0.0,927.4,839.2,6.88,3
288.0,192.0,0.0,192.0,0.0,932.0,717.8,50.53,90
200.0,133.0,0.0,192.0,0.0,965.4,806.2,17.17,7
200.0,133.0,0.0,192.0,0.0,965.4,806.2,30.44,28
250.2,166.8,0.0,203.5,0.0,977.6,694.1,9.73,3
122.6,183.9,0.0,203.5,0.0,958.2,800.1,3.32,3
153.0,102.0,0.0,192.0,0.0,888.0,943.1,26.32,90
200.0,133.0,0.0,192.0,0.0,965.4,806.2,43.25,90
116.0,173.0,0.0,192.0,0.0,909.8,891.9,6.28,3
173.0,116.0,0.0,192.0,0.0,946.8,856.8,32.10,90
250.2,166.8,0.0,203.5,0.0,977.6,694.1,36.96,28
305.3,203.5,0.0,203.5,0.0,965.4,631.0,54.60,90
192.0,288.0,0.0,192.0,0.0,929.8,716.1,21.48,7
157.0,236.0,0.0,192.0,0.0,935.4,781.2,9.69,3
153.0,102.0,0.0,192.0,0.0,888.0,943.1,8.37,7
141.3,212.0,0.0,203.5,0.0,971.8,748.5,39.66,90
116.0,173.0,0.0,192.0,0.0,909.8,891.9,10.09,7
141.3,212.0,0.0,203.5,0.0,971.8,748.5,4.83,3
122.6,183.9,0.0,203.5,0.0,958.2,800.1,10.35,7
166.8,250.2,0.0,203.5,0.0,975.6,692.6,43.57,90
203.5,305.3,0.0,203.5,0.0,963.4,630.0,51.86,90
310.0,0.0,0.0,192.0,0.0,1012.0,830.0,11.85,3
310.0,0.0,0.0,192.0,0.0,1012.0,830.0,17.24,7
310.0,0.0,0.0,192.0,0.0,1012.0,830.0,27.83,28
310.0,0.0,0.0,192.0,0.0,1012.0,830.0,35.76,90
310.0,0.0,0.0,192.0,0.0,1012.0,830.0,38.70,120
331.0,0.0,0.0,192.0,0.0,1025.0,821.0,14.31,3
331.0,0.0,0.0,192.0,0.0,1025.0,821.0,17.44,7
331.0,0.0,0.0,192.0,0.0,1025.0,821.0,31.74,28
331.0,0.0,0.0,192.0,0.0,1025.0,821.0,37.91,90
331.0,0.0,0.0,192.0,0.0,1025.0,821.0,39.38,120
349.0,0.0,0.0,192.0,0.0,1056.0,809.0,15.87,3
349.0,0.0,0.0,192.0,0.0,1056.0,809.0,9.01,7
349.0,0.0,0.0,192.0,0.0,1056.0,809.0,33.61,28
349.0,0.0,0.0,192.0,0.0,1056.0,809.0,40.66,90
349.0,0.0,0.0,192.0,0.0,1056.0,809.0,40.86,120
238.0,0.0,0.0,186.0,0.0,1119.0,789.0,12.05,7
238.0,0.0,0.0,186.0,0.0,1119.0,789.0,17.54,28
296.0,0.0,0.0,186.0,0.0,1090.0,769.0,18.91,7
296.0,0.0,0.0,186.0,0.0,1090.0,769.0,25.18,28
297.0,0.0,0.0,186.0,0.0,1040.0,734.0,30.96,7
480.0,0.0,0.0,192.0,0.0,936.0,721.0,43.89,28
480.0,0.0,0.0,192.0,0.0,936.0,721.0,54.28,90
397.0,0.0,0.0,186.0,0.0,1040.0,734.0,36.94,28
281.0,0.0,0.0,186.0,0.0,1104.0,774.0,14.50,7
281.0,0.0,0.0,185.0,0.0,1104.0,774.0,22.44,28
500.0,0.0,0.0,200.0,0.0,1125.0,613.0,12.64,1
500.0,0.0,0.0,200.0,0.0,1125.0,613.0,26.06,3
500.0,0.0,0.0,200.0,0.0,1125.0,613.0,33.21,7
500.0,0.0,0.0,200.0,0.0,1125.0,613.0,36.94,14
500.0,0.0,0.0,200.0,0.0,1125.0,613.0,44.09,28
540.0,0.0,0.0,173.0,0.0,1125.0,613.0,52.61,7
540.0,0.0,0.0,173.0,0.0,1125.0,613.0,59.76,14
540.0,0.0,0.0,173.0,0.0,1125.0,613.0,67.31,28
540.0,0.0,0.0,173.0,0.0,1125.0,613.0,69.66,90
540.0,0.0,0.0,173.0,0.0,1125.0,613.0,71.62,180
540.0,0.0,0.0,173.0,0.0,1125.0,613.0,74.17,270
350.0,0.0,0.0,203.0,0.0,974.0,775.0,18.13,7
350.0,0.0,0.0,203.0,0.0,974.0,775.0,22.53,14
350.0,0.0,0.0,203.0,0.0,974.0,775.0,27.34,28
350.0,0.0,0.0,203.0,0.0,974.0,775.0,29.98,56
350.0,0.0,0.0,203.0,0.0,974.0,775.0,31.35,90
350.0,0.0,0.0,203.0,0.0,974.0,775.0,32.72,180
385.0,0.0,0.0,186.0,0.0,966.0,763.0,6.27,1
385.0,0.0,0.0,186.0,0.0,966.0,763.0,14.70,3
385.0,0.0,0.0,186.0,0.0,966.0,763.0,23.22,7
385.0,0.0,0.0,186.0,0.0,966.0,763.0,27.92,14
385.0,0.0,0.0,186.0,0.0,966.0,763.0,31.35,28
331.0,0.0,0.0,192.0,0.0,978.0,825.0,39.00,180
331.0,0.0,0.0,192.0,0.0,978.0,825.0,41.24,360
349.0,0.0,0.0,192.0,0.0,1047.0,806.0,14.99,3
331.0,0.0,0.0,192.0,0.0,978.0,825.0,13.52,3
382.0,0.0,0.0,186.0,0.0,1047.0,739.0,24.00,7
382.0,0.0,0.0,186.0,0.0,1047.0,739.0,37.42,28
382.0,0.0,0.0,186.0,0.0,1111.0,784.0,11.47,7
281.0,0.0,0.0,186.0,0.0,1104.0,774.0,22.44,28
339.0,0.0,0.0,185.0,0.0,1069.0,754.0,21.16,7
339.0,0.0,0.0,185.0,0.0,1069.0,754.0,31.84,28
295.0,0.0,0.0,185.0,0.0,1069.0,769.0,14.80,7
295.0,0.0,0.0,185.0,0.0,1069.0,769.0,25.18,28
238.0,0.0,0.0,185.0,0.0,1118.0,789.0,17.54,28
296.0,0.0,0.0,192.0,0.0,1085.0,765.0,14.20,7
296.0,0.0,0.0,192.0,0.0,1085.0,765.0,21.65,28
296.0,0.0,0.0,192.0,0.0,1085.0,765.0,29.39,90
331.0,0.0,0.0,192.0,0.0,879.0,825.0,13.52,3
331.0,0.0,0.0,192.0,0.0,978.0,825.0,16.26,7
331.0,0.0,0.0,192.0,0.0,978.0,825.0,31.45,28
331.0,0.0,0.0,192.0,0.0,978.0,825.0,37.23,90
349.0,0.0,0.0,192.0,0.0,1047.0,806.0,18.13,7
349.0,0.0,0.0,192.0,0.0,1047.0,806.0,32.72,28
349.0,0.0,0.0,192.0,0.0,1047.0,806.0,39.49,90
349.0,0.0,0.0,192.0,0.0,1047.0,806.0,41.05,180
349.0,0.0,0.0,192.0,0.0,1047.0,806.0,42.13,360
302.0,0.0,0.0,203.0,0.0,974.0,817.0,18.13,14
302.0,0.0,0.0,203.0,0.0,974.0,817.0,26.74,180
525.0,0.0,0.0,189.0,0.0,1125.0,613.0,61.92,180
500.0,0.0,0.0,200.0,0.0,1125.0,613.0,47.22,90
500.0,0.0,0.0,200.0,0.0,1125.0,613.0,51.04,180
500.0,0.0,0.0,200.0,0.0,1125.0,613.0,55.16,270
540.0,0.0,0.0,173.0,0.0,1125.0,613.0,41.64,3
252.0,0.0,0.0,185.0,0.0,1111.0,784.0,13.71,7
252.0,0.0,0.0,185.0,0.0,1111.0,784.0,19.69,28
339.0,0.0,0.0,185.0,0.0,1060.0,754.0,31.65,28
393.0,0.0,0.0,192.0,0.0,940.0,758.0,19.11,3
393.0,0.0,0.0,192.0,0.0,940.0,758.0,39.58,28
393.0,0.0,0.0,192.0,0.0,940.0,758.0,48.79,90
382.0,0.0,0.0,185.0,0.0,1047.0,739.0,24.00,7
382.0,0.0,0.0,185.0,0.0,1047.0,739.0,37.42,28
252.0,0.0,0.0,186.0,0.0,1111.0,784.0,11.47,7
252.0,0.0,0.0,185.0,0.0,1111.0,784.0,19.69,28
310.0,0.0,0.0,192.0,0.0,970.0,850.0,14.99,7
310.0,0.0,0.0,192.0,0.0,970.0,850.0,27.92,28
310.0,0.0,0.0,192.0,0.0,970.0,850.0,34.68,90
310.0,0.0,0.0,192.0,0.0,970.0,850.0,37.33,180
310.0,0.0,0.0,192.0,0.0,970.0,850.0,38.11,360
525.0,0.0,0.0,189.0,0.0,1125.0,613.0,33.80,3
525.0,0.0,0.0,189.0,0.0,1125.0,613.0,42.42,7
525.0,0.0,0.0,189.0,0.0,1125.0,613.0,48.40,14
525.0,0.0,0.0,189.0,0.0,1125.0,613.0,55.94,28
525.0,0.0,0.0,189.0,0.0,1125.0,613.0,58.78,90
525.0,0.0,0.0,189.0,0.0,1125.0,613.0,67.11,270
322.0,0.0,0.0,203.0,0.0,974.0,800.0,20.77,14
322.0,0.0,0.0,203.0,0.0,974.0,800.0,25.18,28
322.0,0.0,0.0,203.0,0.0,974.0,800.0,29.59,180
302.0,0.0,0.0,203.0,0.0,974.0,817.0,21.75,28
397.0,0.0,0.0,185.0,0.0,1040.0,734.0,39.09,28
480.0,0.0,0.0,192.0,0.0,936.0,721.0,24.39,3
522.0,0.0,0.0,146.0,0.0,896.0,896.0,50.51,7
522.0,0.0,0.0,146.0,0.0,896.0,896.0,74.99,28
273.0,105.0,82.0,210.0,9.0,904.0,680.0,37.17,28
162.0,190.0,148.0,179.0,19.0,838.0,741.0,33.76,28
154.0,144.0,112.0,220.0,10.0,923.0,658.0,16.50,28
147.0,115.0,89.0,202.0,9.0,860.0,829.0,19.99,28
152.0,178.0,139.0,168.0,18.0,944.0,695.0,36.35,28
310.0,143.0,111.0,168.0,22.0,914.0,651.0,33.69,28
144.0,0.0,175.0,158.0,18.0,943.0,844.0,15.42,28
304.0,140.0,0.0,214.0,6.0,895.0,722.0,33.42,28
374.0,0.0,0.0,190.0,7.0,1013.0,730.0,39.05,28
159.0,149.0,116.0,175.0,15.0,953.0,720.0,27.68,28
153.0,239.0,0.0,200.0,6.0,1002.0,684.0,26.86,28
310.0,143.0,0.0,168.0,10.0,914.0,804.0,45.30,28
305.0,0.0,100.0,196.0,10.0,959.0,705.0,30.12,28
151.0,0.0,184.0,167.0,12.0,991.0,772.0,15.57,28
142.0,167.0,130.0,174.0,11.0,883.0,785.0,44.61,28
298.0,137.0,107.0,201.0,6.0,878.0,655.0,53.52,28
321.0,164.0,0.0,190.0,5.0,870.0,774.0,57.21,28
366.0,187.0,0.0,191.0,7.0,824.0,757.0,65.91,28
280.0,129.0,100.0,172.0,9.0,825.0,805.0,52.82,28
252.0,97.0,76.0,194.0,8.0,835.0,821.0,33.40,28
165.0,0.0,150.0,182.0,12.0,1023.0,729.0,18.03,28
156.0,243.0,0.0,180.0,11.0,1022.0,698.0,37.36,28
160.0,188.0,146.0,203.0,11.0,829.0,710.0,32.84,28
298.0,0.0,107.0,186.0,6.0,879.0,815.0,42.64,28
318.0,0.0,126.0,210.0,6.0,861.0,737.0,40.06,28
287.0,121.0,94.0,188.0,9.0,904.0,696.0,41.94,28
326.0,166.0,0.0,174.0,9.0,882.0,790.0,61.23,28
356.0,0.0,142.0,193.0,11.0,801.0,778.0,40.87,28
132.0,207.0,161.0,179.0,5.0,867.0,736.0,33.30,28
322.0,149.0,0.0,186.0,8.0,951.0,709.0,52.42,28
164.0,0.0,200.0,181.0,13.0,849.0,846.0,15.09,28
314.0,0.0,113.0,170.0,10.0,925.0,783.0,38.46,28
321.0,0.0,128.0,182.0,11.0,870.0,780.0,37.26,28
140.0,164.0,128.0,237.0,6.0,869.0,656.0,35.23,28
288.0,121.0,0.0,177.0,7.0,908.0,829.0,42.13,28
298.0,0.0,107.0,210.0,11.0,880.0,744.0,31.87,28
265.0,111.0,86.0,195.0,6.0,833.0,790.0,41.54,28
160.0,250.0,0.0,168.0,12.0,1049.0,688.0,39.45,28
166.0,260.0,0.0,183.0,13.0,859.0,827.0,37.91,28
276.0,116.0,90.0,180.0,9.0,870.0,768.0,44.28,28
322.0,0.0,116.0,196.0,10.0,818.0,813.0,31.18,28
149.0,139.0,109.0,193.0,6.0,892.0,780.0,23.69,28
159.0,187.0,0.0,176.0,11.0,990.0,789.0,32.76,28
261.0,100.0,78.0,201.0,9.0,864.0,761.0,32.40,28
237.0,92.0,71.0,247.0,6.0,853.0,695.0,28.63,28
313.0,0.0,113.0,178.0,8.0,1002.0,689.0,36.80,28
155.0,183.0,0.0,193.0,9.0,1047.0,697.0,18.28,28
146.0,230.0,0.0,202.0,3.0,827.0,872.0,33.06,28
296.0,0.0,107.0,221.0,11.0,819.0,778.0,31.42,28
133.0,210.0,0.0,196.0,3.0,949.0,795.0,31.03,28
313.0,145.0,0.0,178.0,8.0,867.0,824.0,44.39,28
152.0,0.0,112.0,184.0,8.0,992.0,816.0,12.18,28
153.0,145.0,113.0,178.0,8.0,1002.0,689.0,25.56,28
140.0,133.0,103.0,200.0,7.0,916.0,753.0,36.44,28
149.0,236.0,0.0,176.0,13.0,847.0,893.0,32.96,28
300.0,0.0,120.0,212.0,10.0,878.0,728.0,23.84,28
153.0,145.0,113.0,178.0,8.0,867.0,824.0,26.23,28
148.0,0.0,137.0,158.0,16.0,1002.0,830.0,17.95,28
326.0,0.0,138.0,199.0,11.0,801.0,792.0,40.68,28
153.0,145.0,0.0,178.0,8.0,1000.0,822.0,19.01,28
262.0,111.0,86.0,195.0,5.0,895.0,733.0,33.72,28
158.0,0.0,195.0,220.0,11.0,898.0,713.0,8.54,28
151.0,0.0,185.0,167.0,16.0,1074.0,678.0,13.46,28
273.0,0.0,90.0,199.0,11.0,931.0,762.0,32.24,28
149.0,118.0,92.0,183.0,7.0,953.0,780.0,23.52,28
143.0,169.0,143.0,191.0,8.0,967.0,643.0,29.72,28
260.0,101.0,78.0,171.0,10.0,936.0,763.0,49.77,28
313.0,161.0,0.0,178.0,10.0,917.0,759.0,52.44,28
284.0,120.0,0.0,168.0,7.0,970.0,794.0,40.93,28
336.0,0.0,0.0,182.0,3.0,986.0,817.0,44.86,28
145.0,0.0,134.0,181.0,11.0,979.0,812.0,13.20,28
150.0,237.0,0.0,174.0,12.0,1069.0,675.0,37.43,28
144.0,170.0,133.0,192.0,8.0,814.0,805.0,29.87,28
331.0,170.0,0.0,195.0,8.0,811.0,802.0,56.61,28
155.0,0.0,143.0,193.0,9.0,1047.0,697.0,12.46,28
155.0,183.0,0.0,193.0,9.0,877.0,868.0,23.79,28
135.0,0.0,166.0,180.0,10.0,961.0,805.0,13.29,28
266.0,112.0,87.0,178.0,10.0,910.0,745.0,39.42,28
314.0,145.0,113.0,179.0,8.0,869.0,690.0,46.23,28
313.0,145.0,0.0,127.0,8.0,1000.0,822.0,44.52,28
146.0,173.0,0.0,182.0,3.0,986.0,817.0,23.74,28
144.0,136.0,106.0,178.0,7.0,941.0,774.0,26.14,28
148.0,0.0,182.0,181.0,15.0,839.0,884.0,15.52,28
277.0,117.0,91.0,191.0,7.0,946.0,666.0,43.57,28
298.0,0.0,107.0,164.0,13.0,953.0,784.0,35.86,28
313.0,145.0,0.0,178.0,8.0,1002.0,689.0,41.05,28
155.0,184.0,143.0,194.0,9.0,880.0,699.0,28.99,28
289.0,134.0,0.0,195.0,6.0,924.0,760.0,46.24,28
148.0,175.0,0.0,171.0,2.0,1000.0,828.0,26.92,28
145.0,0.0,179.0,202.0,8.0,824.0,869.0,10.54,28
313.0,0.0,0.0,178.0,8.0,1000.0,822.0,25.10,28
136.0,162.0,126.0,172.0,10.0,923.0,764.0,29.07,28
155.0,0.0,143.0,193.0,9.0,877.0,868.0,9.74,28
255.0,99.0,77.0,189.0,6.0,919.0,749.0,33.80,28
162.0,207.0,172.0,216.0,10.0,822.0,638.0,39.84,28
136.0,196.0,98.0,199.0,6.0,847.0,783.0,26.97,28
164.0,163.0,128.0,197.0,8.0,961.0,641.0,27.23,28
162.0,214.0,164.0,202.0,10.0,820.0,680.0,30.65,28
157.0,214.0,152.0,200.0,9.0,819.0,704.0,33.05,28
149.0,153.0,194.0,192.0,8.0,935.0,623.0,24.58,28
135.0,105.0,193.0,196.0,6.0,965.0,643.0,21.91,28
159.0,209.0,161.0,201.0,7.0,848.0,669.0,30.88,28
144.0,15.0,195.0,176.0,6.0,1021.0,709.0,15.34,28
154.0,174.0,185.0,228.0,7.0,845.0,612.0,24.34,28
167.0,187.0,195.0,185.0,7.0,898.0,636.0,23.89,28
184.0,86.0,190.0,213.0,6.0,923.0,623.0,22.93,28
156.0,178.0,187.0,221.0,7.0,854.0,614.0,29.41,28
236.9,91.7,71.5,246.9,6.0,852.9,695.4,28.63,28
313.3,0.0,113.0,178.5,8.0,1001.9,688.7,36.80,28
154.8,183.4,0.0,193.3,9.1,1047.4,696.7,18.29,28
145.9,230.5,0.0,202.5,3.4,827.0,871.8,32.72,28
296.0,0.0,106.7,221.4,10.5,819.2,778.4,31.42,28
133.1,210.2,0.0,195.7,3.1,949.4,795.3,28.94,28
313.3,145.0,0.0,178.5,8.0,867.2,824.0,40.93,28
151.6,0.0,111.9,184.4,7.9,992.0,815.9,12.18,28
153.1,145.0,113.0,178.5,8.0,1001.9,688.7,25.56,28
139.9,132.6,103.3,200.3,7.4,916.0,753.4,36.44,28
149.5,236.0,0.0,175.8,12.6,846.8,892.7,32.96,28
299.8,0.0,119.8,211.5,9.9,878.2,727.6,23.84,28
153.1,145.0,113.0,178.5,8.0,867.2,824.0,26.23,28
148.1,0.0,136.6,158.1,16.1,1001.8,830.1,17.96,28
326.5,0.0,137.9,199.0,10.8,801.1,792.5,38.63,28
152.7,144.7,0.0,178.1,8.0,999.7,822.2,19.01,28
261.9,110.5,86.1,195.4,5.0,895.2,732.6,33.72,28
158.4,0.0,194.9,219.7,11.0,897.7,712.9,8.54,28
150.7,0.0,185.3,166.7,15.6,1074.5,678.0,13.46,28
272.6,0.0,89.6,198.7,10.6,931.3,762.2,32.25,28
149.0,117.6,91.7,182.9,7.1,953.4,780.3,23.52,28
143.0,169.4,142.7,190.7,8.4,967.4,643.5,29.73,28
259.9,100.6,78.4,170.6,10.4,935.7,762.9,49.77,28
312.9,160.5,0.0,177.6,9.6,916.6,759.5,52.45,28
284.0,119.7,0.0,168.3,7.2,970.4,794.2,40.93,28
336.5,0.0,0.0,181.9,3.4,985.8,816.8,44.87,28
144.8,0.0,133.6,180.8,11.1,979.5,811.5,13.20,28
150.0,236.8,0.0,173.8,11.9,1069.3,674.8,37.43,28
143.7,170.2,132.6,191.6,8.5,814.1,805.3,29.87,28
330.5,169.6,0.0,194.9,8.1,811.0,802.3,56.62,28
154.8,0.0,142.8,193.3,9.1,1047.4,696.7,12.46,28
154.8,183.4,0.0,193.3,9.1,877.2,867.7,23.79,28
134.7,0.0,165.7,180.2,10.0,961.0,804.9,13.29,28
266.2,112.3,87.5,177.9,10.4,909.7,744.5,39.42,28
314.0,145.3,113.2,178.9,8.0,869.1,690.2,46.23,28
312.7,144.7,0.0,127.3,8.0,999.7,822.2,44.52,28
145.7,172.6,0.0,181.9,3.4,985.8,816.8,23.74,28
143.8,136.3,106.2,178.1,7.5,941.5,774.3,26.15,28
148.1,0.0,182.1,181.4,15.0,838.9,884.3,15.53,28
277.0,116.8,91.0,190.6,7.0,946.5,665.6,43.58,28
298.1,0.0,107.5,163.6,12.8,953.2,784.0,35.87,28
313.3,145.0,0.0,178.5,8.0,1001.9,688.7,41.05,28
155.2,183.9,143.2,193.8,9.2,879.6,698.5,28.99,28
289.0,133.7,0.0,194.9,5.5,924.1,760.1,46.25,28
147.8,175.1,0.0,171.2,2.2,1000.0,828.5,26.92,28
145.4,0.0,178.9,201.7,7.8,824.0,868.7,10.54,28
312.7,0.0,0.0,178.1,8.0,999.7,822.2,25.10,28
136.4,161.6,125.8,171.6,10.4,922.6,764.4,29.07,28
154.8,0.0,142.8,193.3,9.1,877.2,867.7,9.74,28
255.3,98.8,77.0,188.6,6.5,919.0,749.3,33.80,28
272.8,105.1,81.8,209.7,9.0,904.0,679.7,37.17,28
162.0,190.1,148.1,178.8,18.8,838.1,741.4,33.76,28
153.6,144.2,112.3,220.1,10.1,923.2,657.9,16.50,28
146.5,114.6,89.3,201.9,8.8,860.0,829.5,19.99,28
151.8,178.1,138.7,167.5,18.3,944.0,694.6,36.35,28
309.9,142.8,111.2,167.8,22.1,913.9,651.2,38.22,28
143.6,0.0,174.9,158.4,17.9,942.7,844.5,15.42,28
303.6,139.9,0.0,213.5,6.2,895.5,722.5,33.42,28
374.3,0.0,0.0,190.2,6.7,1013.2,730.4,39.06,28
158.6,148.9,116.0,175.1,15.0,953.3,719.7,27.68,28
152.6,238.7,0.0,200.0,6.3,1001.8,683.9,26.86,28
310.0,142.8,0.0,167.9,10.0,914.3,804.0,45.30,28
304.8,0.0,99.6,196.0,9.8,959.4,705.2,30.12,28
150.9,0.0,183.9,166.6,11.6,991.2,772.2,15.57,28
141.9,166.6,129.7,173.5,10.9,882.6,785.3,44.61,28
297.8,137.2,106.9,201.3,6.0,878.4,655.3,53.52,28
321.3,164.2,0.0,190.5,4.6,870.0,774.0,57.22,28
366.0,187.0,0.0,191.3,6.6,824.3,756.9,65.91,28
279.8,128.9,100.4,172.4,9.5,825.1,804.9,52.83,28
252.1,97.1,75.6,193.8,8.3,835.5,821.4,33.40,28
164.6,0.0,150.4,181.6,11.7,1023.3,728.9,18.03,28
155.6,243.5,0.0,180.3,10.7,1022.0,697.7,37.36,28
160.2,188.0,146.4,203.2,11.3,828.7,709.7,35.31,28
298.1,0.0,107.0,186.4,6.1,879.0,815.2,42.64,28
317.9,0.0,126.5,209.7,5.7,860.5,736.6,40.06,28
287.3,120.5,93.9,187.6,9.2,904.4,695.9,43.80,28
325.6,166.4,0.0,174.0,8.9,881.6,790.0,61.24,28
355.9,0.0,141.6,193.3,11.0,801.4,778.4,40.87,28
132.0,206.5,160.9,178.9,5.5,866.9,735.6,33.31,28
322.5,148.6,0.0,185.8,8.5,951.0,709.5,52.43,28
164.2,0.0,200.1,181.2,12.6,849.3,846.0,15.09,28
313.8,0.0,112.6,169.9,10.1,925.3,782.9,38.46,28
321.4,0.0,127.9,182.5,11.5,870.1,779.7,37.27,28
139.7,163.9,127.7,236.7,5.8,868.6,655.6,35.23,28
288.4,121.0,0.0,177.4,7.0,907.9,829.5,42.14,28
298.2,0.0,107.0,209.7,11.1,879.6,744.2,31.88,28
264.5,111.0,86.5,195.5,5.9,832.6,790.4,41.54,28
159.8,250.0,0.0,168.4,12.2,1049.3,688.2,39.46,28
166.0,259.7,0.0,183.2,12.7,858.8,826.8,37.92,28
276.4,116.0,90.3,179.6,8.9,870.1,768.3,44.28,28
322.2,0.0,115.6,196.0,10.4,817.9,813.4,31.18,28
148.5,139.4,108.6,192.7,6.1,892.4,780.0,23.70,28
159.1,186.7,0.0,175.6,11.3,989.6,788.9,32.77,28
260.9,100.5,78.3,200.6,8.6,864.5,761.5,32.40,28